header: 
  seq: 18468
  stamp: 
    secs: 1789999504
    nsecs: 826683863
  frame_id: "world"
child_frame_id: "/quadrotor"
pose: 
  pose: 
    position: 
      x: 0.001752222396377662
      y: -0.0005360849239074839
      z: 2.007500061671955
    orientation: 
      x: 2.071912721901662e-09
      y: 8.653367849064139e-10
      z: 3.806745193225895e-11
      w: 1.0
  covariance: [0.0, 0.0, 0.0, 0.0, 0.0, 0.0, 0.0, 0.0, 0.0, 0.0, 0.0, 0.0, 0.0, 0.0, 0.0, 0.0, 0.0, 0.0, 0.0, 0.0, 0.0, 0.0, 0.0, 0.0, 0.0, 0.0, 0.0, 0.0, 0.0, 0.0, 0.0, 0.0, 0.0, 0.0, 0.0, 0.0]
twist: 
  twist: 
    linear: 
      x: 1.0622324927434856e-08
      y: 9.289041226826593e-09
      z: -5.997971321237123e-09
    angular: 
      x: 1.8197904207043482e-07
      y: -1.736349944719985e-08
      z: 1.8876768831317443e-09
  covariance: [0.0, 0.0, 0.0, 0.0, 0.0, 0.0, 0.0, 0.0, 0.0, 0.0, 0.0, 0.0, 0.0, 0.0, 0.0, 0.0, 0.0, 0.0, 0.0, 0.0, 0.0, 0.0, 0.0, 0.0, 0.0, 0.0, 0.0, 0.0, 0.0, 0.0, 0.0, 0.0, 0.0, 0.0, 0.0, 0.0]
---
