header: 
  seq: 19379
  stamp: 
    secs: 1790068487
    nsecs: 288004707
  frame_id: "world"
child_frame_id: "/quadrotor"
pose: 
  pose: 
    position: 
      x: 0.01387032434380389
      y: -0.004232637691222332
      z: 2.0040538087602564
    orientation: 
      x: -1.32162662370297e-09
      y: 1.941098123534054e-09
      z: 1.7424372634061138e-13
      w: 1.0
  covariance: [0.0, 0.0, 0.0, 0.0, 0.0, 0.0, 0.0, 0.0, 0.0, 0.0, 0.0, 0.0, 0.0, 0.0, 0.0, 0.0, 0.0, 0.0, 0.0, 0.0, 0.0, 0.0, 0.0, 0.0, 0.0, 0.0, 0.0, 0.0, 0.0, 0.0, 0.0, 0.0, 0.0, 0.0, 0.0, 0.0]
twist: 
  twist: 
    linear: 
      x: -7.731085006627489e-09
      y: -5.441792682816467e-09
      z: -6.6928172646990016e-09
    angular: 
      x: 2.0270489632342262e-08
      y: -5.5088608698348654e-08
      z: -1.0552674541481396e-09
  covariance: [0.0, 0.0, 0.0, 0.0, 0.0, 0.0, 0.0, 0.0, 0.0, 0.0, 0.0, 0.0, 0.0, 0.0, 0.0, 0.0, 0.0, 0.0, 0.0, 0.0, 0.0, 0.0, 0.0, 0.0, 0.0, 0.0, 0.0, 0.0, 0.0, 0.0, 0.0, 0.0, 0.0, 0.0, 0.0, 0.0]
---
