header: 
  seq: 28340
  stamp: 
    secs: 1790073138
    nsecs: 211372639
  frame_id: "world"
child_frame_id: "/quadrotor"
pose: 
  pose: 
    position: 
      x: 0.046317098432276535
      y: -0.014097104101613332
      z: 1.9948568793347365
    orientation: 
      x: 8.758181313963229e-10
      y: 2.48895510518807e-09
      z: 1.3859937042576222e-10
      w: 1.0
  covariance: [0.0, 0.0, 0.0, 0.0, 0.0, 0.0, 0.0, 0.0, 0.0, 0.0, 0.0, 0.0, 0.0, 0.0, 0.0, 0.0, 0.0, 0.0, 0.0, 0.0, 0.0, 0.0, 0.0, 0.0, 0.0, 0.0, 0.0, 0.0, 0.0, 0.0, 0.0, 0.0, 0.0, 0.0, 0.0, 0.0]
twist: 
  twist: 
    linear: 
      x: -4.102389854058083e-09
      y: 3.600263534171942e-10
      z: -1.2123932609627276e-09
    angular: 
      x: -1.1783621653132736e-07
      y: -3.589735508069572e-08
      z: -3.2171224663816558e-09
  covariance: [0.0, 0.0, 0.0, 0.0, 0.0, 0.0, 0.0, 0.0, 0.0, 0.0, 0.0, 0.0, 0.0, 0.0, 0.0, 0.0, 0.0, 0.0, 0.0, 0.0, 0.0, 0.0, 0.0, 0.0, 0.0, 0.0, 0.0, 0.0, 0.0, 0.0, 0.0, 0.0, 0.0, 0.0, 0.0, 0.0]
---
