header: 
  seq: 32170
  stamp: 
    secs: 1790052711
    nsecs: 152850841
  frame_id: "world"
child_frame_id: "/quadrotor"
pose: 
  pose: 
    position: 
      x: 9.219105916413879
      y: 5.884628758254388
      z: 2.2483837519253975
    orientation: 
      x: -2.0776887141929604e-10
      y: -6.508922983891938e-11
      z: 0.2940963408010231
      w: 0.955775780362449
  covariance: [0.0, 0.0, 0.0, 0.0, 0.0, 0.0, 0.0, 0.0, 0.0, 0.0, 0.0, 0.0, 0.0, 0.0, 0.0, 0.0, 0.0, 0.0, 0.0, 0.0, 0.0, 0.0, 0.0, 0.0, 0.0, 0.0, 0.0, 0.0, 0.0, 0.0, 0.0, 0.0, 0.0, 0.0, 0.0, 0.0]
twist: 
  twist: 
    linear: 
      x: -1.4866379292496256e-10
      y: -1.3528751127150104e-10
      z: 4.984946088288755e-10
    angular: 
      x: -8.2383666897757e-09
      y: -4.944627549413594e-09
      z: -1.7045505305308494e-07
  covariance: [0.0, 0.0, 0.0, 0.0, 0.0, 0.0, 0.0, 0.0, 0.0, 0.0, 0.0, 0.0, 0.0, 0.0, 0.0, 0.0, 0.0, 0.0, 0.0, 0.0, 0.0, 0.0, 0.0, 0.0, 0.0, 0.0, 0.0, 0.0, 0.0, 0.0, 0.0, 0.0, 0.0, 0.0, 0.0, 0.0]
---
