header: 
  seq: 47500
  stamp: 
    secs: 1789998685
    nsecs: 688954274
  frame_id: "world"
child_frame_id: "/quadrotor"
pose: 
  pose: 
    position: 
      x: 8.374936723918873
      y: 5.531241346264081
      z: 2.1768457282118767
    orientation: 
      x: 1.9566971247539154e-09
      y: 2.7241839510369263e-09
      z: 0.3022670107539413
      w: 0.9532232971396979
  covariance: [0.0, 0.0, 0.0, 0.0, 0.0, 0.0, 0.0, 0.0, 0.0, 0.0, 0.0, 0.0, 0.0, 0.0, 0.0, 0.0, 0.0, 0.0, 0.0, 0.0, 0.0, 0.0, 0.0, 0.0, 0.0, 0.0, 0.0, 0.0, 0.0, 0.0, 0.0, 0.0, 0.0, 0.0, 0.0, 0.0]
twist: 
  twist: 
    linear: 
      x: -3.4111221779801878e-09
      y: 1.8941314715302325e-09
      z: -3.95812310347557e-09
    angular: 
      x: 1.0749250027322514e-07
      y: 1.134380373145046e-07
      z: -7.863380792392528e-10
  covariance: [0.0, 0.0, 0.0, 0.0, 0.0, 0.0, 0.0, 0.0, 0.0, 0.0, 0.0, 0.0, 0.0, 0.0, 0.0, 0.0, 0.0, 0.0, 0.0, 0.0, 0.0, 0.0, 0.0, 0.0, 0.0, 0.0, 0.0, 0.0, 0.0, 0.0, 0.0, 0.0, 0.0, 0.0, 0.0, 0.0]
---
