header: 
  seq: 18374
  stamp: 
    secs: 1790072136
    nsecs: 208399884
  frame_id: "world"
child_frame_id: "/quadrotor"
pose: 
  pose: 
    position: 
      x: 0.04631713333091787
      y: -0.014097099635881318
      z: 1.9948568918889544
    orientation: 
      x: 2.624409234148248e-09
      y: 3.11589815765762e-11
      z: -5.705582019818953e-11
      w: 1.0
  covariance: [0.0, 0.0, 0.0, 0.0, 0.0, 0.0, 0.0, 0.0, 0.0, 0.0, 0.0, 0.0, 0.0, 0.0, 0.0, 0.0, 0.0, 0.0, 0.0, 0.0, 0.0, 0.0, 0.0, 0.0, 0.0, 0.0, 0.0, 0.0, 0.0, 0.0, 0.0, 0.0, 0.0, 0.0, 0.0, 0.0]
twist: 
  twist: 
    linear: 
      x: -2.3639192331935528e-09
      y: -3.0195570584546707e-09
      z: -1.056382246819026e-08
    angular: 
      x: 5.990758718975951e-08
      y: 1.2273677640841399e-07
      z: -8.187526105168589e-11
  covariance: [0.0, 0.0, 0.0, 0.0, 0.0, 0.0, 0.0, 0.0, 0.0, 0.0, 0.0, 0.0, 0.0, 0.0, 0.0, 0.0, 0.0, 0.0, 0.0, 0.0, 0.0, 0.0, 0.0, 0.0, 0.0, 0.0, 0.0, 0.0, 0.0, 0.0, 0.0, 0.0, 0.0, 0.0, 0.0, 0.0]
---
