header: 
  seq: 31374
  stamp: 
    secs: 1790073680
    nsecs: 206049480
  frame_id: "world"
child_frame_id: "/quadrotor"
pose: 
  pose: 
    position: 
      x: 10.428790197733742
      y: 6.256174387928924
      z: 2.660276847917973
    orientation: 
      x: 3.5620504933487526e-10
      y: 8.987380962434822e-10
      z: 0.3141960172503062
      w: 0.9493581319734115
  covariance: [0.0, 0.0, 0.0, 0.0, 0.0, 0.0, 0.0, 0.0, 0.0, 0.0, 0.0, 0.0, 0.0, 0.0, 0.0, 0.0, 0.0, 0.0, 0.0, 0.0, 0.0, 0.0, 0.0, 0.0, 0.0, 0.0, 0.0, 0.0, 0.0, 0.0, 0.0, 0.0, 0.0, 0.0, 0.0, 0.0]
twist: 
  twist: 
    linear: 
      x: -4.952543790589615e-09
      y: 8.686347667857488e-09
      z: -5.216845844032424e-09
    angular: 
      x: 4.40678281710485e-08
      y: -7.501885401464323e-09
      z: -1.0604615330435218e-09
  covariance: [0.0, 0.0, 0.0, 0.0, 0.0, 0.0, 0.0, 0.0, 0.0, 0.0, 0.0, 0.0, 0.0, 0.0, 0.0, 0.0, 0.0, 0.0, 0.0, 0.0, 0.0, 0.0, 0.0, 0.0, 0.0, 0.0, 0.0, 0.0, 0.0, 0.0, 0.0, 0.0, 0.0, 0.0, 0.0, 0.0]
---
