header: 
  seq: 27987
  stamp: 
    secs: 1790072232
    nsecs: 338400142
  frame_id: "world"
child_frame_id: "/quadrotor"
pose: 
  pose: 
    position: 
      x: 10.405540952861138
      y: 6.276063507442306
      z: 2.649072891540474
    orientation: 
      x: 1.174883026106243e-09
      y: -8.774427947375493e-11
      z: 0.31501009086223747
      w: 0.9490883218409997
  covariance: [0.0, 0.0, 0.0, 0.0, 0.0, 0.0, 0.0, 0.0, 0.0, 0.0, 0.0, 0.0, 0.0, 0.0, 0.0, 0.0, 0.0, 0.0, 0.0, 0.0, 0.0, 0.0, 0.0, 0.0, 0.0, 0.0, 0.0, 0.0, 0.0, 0.0, 0.0, 0.0, 0.0, 0.0, 0.0, 0.0]
twist: 
  twist: 
    linear: 
      x: -2.7997430489509913e-09
      y: 1.0090364849057277e-08
      z: -7.327440370148529e-09
    angular: 
      x: 1.566893489268305e-08
      y: -9.763126220138417e-08
      z: 2.619720774280039e-09
  covariance: [0.0, 0.0, 0.0, 0.0, 0.0, 0.0, 0.0, 0.0, 0.0, 0.0, 0.0, 0.0, 0.0, 0.0, 0.0, 0.0, 0.0, 0.0, 0.0, 0.0, 0.0, 0.0, 0.0, 0.0, 0.0, 0.0, 0.0, 0.0, 0.0, 0.0, 0.0, 0.0, 0.0, 0.0, 0.0, 0.0]
---
