header: 
  seq: 31355
  stamp: 
    secs: 1790072730
    nsecs: 137236496
  frame_id: "world"
child_frame_id: "/quadrotor"
pose: 
  pose: 
    position: 
      x: 10.323611472143519
      y: 6.2396580888707325
      z: 2.606370911906614
    orientation: 
      x: 6.099821210934689e-12
      y: 4.095609804290704e-11
      z: 0.312432199359506
      w: 0.9499400616898847
  covariance: [0.0, 0.0, 0.0, 0.0, 0.0, 0.0, 0.0, 0.0, 0.0, 0.0, 0.0, 0.0, 0.0, 0.0, 0.0, 0.0, 0.0, 0.0, 0.0, 0.0, 0.0, 0.0, 0.0, 0.0, 0.0, 0.0, 0.0, 0.0, 0.0, 0.0, 0.0, 0.0, 0.0, 0.0, 0.0, 0.0]
twist: 
  twist: 
    linear: 
      x: -7.491774398506426e-10
      y: -3.890415844929986e-11
      z: -5.3252463063540065e-09
    angular: 
      x: -1.6733583180371162e-09
      y: 6.7472621937798284e-09
      z: 2.0596465229887157e-07
  covariance: [0.0, 0.0, 0.0, 0.0, 0.0, 0.0, 0.0, 0.0, 0.0, 0.0, 0.0, 0.0, 0.0, 0.0, 0.0, 0.0, 0.0, 0.0, 0.0, 0.0, 0.0, 0.0, 0.0, 0.0, 0.0, 0.0, 0.0, 0.0, 0.0, 0.0, 0.0, 0.0, 0.0, 0.0, 0.0, 0.0]
---
