header: 
  seq: 18910
  stamp: 
    secs: 1789998992
    nsecs: 115907737
  frame_id: "world"
child_frame_id: "/quadrotor"
pose: 
  pose: 
    position: 
      x: 0.0017522246313866213
      y: -0.0005360834321304877
      z: 2.007500063489435
    orientation: 
      x: -1.6275003999831257e-09
      y: -6.106584662135448e-10
      z: 1.7315718341239226e-12
      w: 1.0
  covariance: [0.0, 0.0, 0.0, 0.0, 0.0, 0.0, 0.0, 0.0, 0.0, 0.0, 0.0, 0.0, 0.0, 0.0, 0.0, 0.0, 0.0, 0.0, 0.0, 0.0, 0.0, 0.0, 0.0, 0.0, 0.0, 0.0, 0.0, 0.0, 0.0, 0.0, 0.0, 0.0, 0.0, 0.0, 0.0, 0.0]
twist: 
  twist: 
    linear: 
      x: 4.5559318020467734e-10
      y: -7.160229458267914e-09
      z: -8.352347682376711e-09
    angular: 
      x: -1.5089721509018613e-07
      y: -1.5935095835399457e-07
      z: -3.2903961469685026e-11
  covariance: [0.0, 0.0, 0.0, 0.0, 0.0, 0.0, 0.0, 0.0, 0.0, 0.0, 0.0, 0.0, 0.0, 0.0, 0.0, 0.0, 0.0, 0.0, 0.0, 0.0, 0.0, 0.0, 0.0, 0.0, 0.0, 0.0, 0.0, 0.0, 0.0, 0.0, 0.0, 0.0, 0.0, 0.0, 0.0, 0.0]
---
