header: 
  seq: 36204
  stamp: 
    secs: 1790073216
    nsecs: 850832607
  frame_id: "world"
child_frame_id: "/quadrotor"
pose: 
  pose: 
    position: 
      x: 10.38776535487847
      y: 6.278747611202747
      z: 2.6280485679796146
    orientation: 
      x: -1.1315968986859023e-10
      y: 9.553015645096245e-12
      z: 0.3151043025183562
      w: 0.9490570470390177
  covariance: [0.0, 0.0, 0.0, 0.0, 0.0, 0.0, 0.0, 0.0, 0.0, 0.0, 0.0, 0.0, 0.0, 0.0, 0.0, 0.0, 0.0, 0.0, 0.0, 0.0, 0.0, 0.0, 0.0, 0.0, 0.0, 0.0, 0.0, 0.0, 0.0, 0.0, 0.0, 0.0, 0.0, 0.0, 0.0, 0.0]
twist: 
  twist: 
    linear: 
      x: 2.2143632972805073e-09
      y: 1.6417909944337675e-09
      z: -5.070733723103502e-09
    angular: 
      x: -1.0693707082692981e-07
      y: -5.647660411518499e-08
      z: -1.9097643864445165e-09
  covariance: [0.0, 0.0, 0.0, 0.0, 0.0, 0.0, 0.0, 0.0, 0.0, 0.0, 0.0, 0.0, 0.0, 0.0, 0.0, 0.0, 0.0, 0.0, 0.0, 0.0, 0.0, 0.0, 0.0, 0.0, 0.0, 0.0, 0.0, 0.0, 0.0, 0.0, 0.0, 0.0, 0.0, 0.0, 0.0, 0.0]
---
