header: 
  seq: 88417
  stamp: 
    secs: 1789998060
    nsecs: 545379420
  frame_id: "world"
child_frame_id: "/quadrotor"
pose: 
  pose: 
    position: 
      x: 8.38324748852898
      y: 5.530590640752922
      z: 2.1786279206450394
    orientation: 
      x: -9.390846729813517e-11
      y: 2.8606039307588023e-09
      z: 0.3024237202264541
      w: 0.9531735904043878
  covariance: [0.0, 0.0, 0.0, 0.0, 0.0, 0.0, 0.0, 0.0, 0.0, 0.0, 0.0, 0.0, 0.0, 0.0, 0.0, 0.0, 0.0, 0.0, 0.0, 0.0, 0.0, 0.0, 0.0, 0.0, 0.0, 0.0, 0.0, 0.0, 0.0, 0.0, 0.0, 0.0, 0.0, 0.0, 0.0, 0.0]
twist: 
  twist: 
    linear: 
      x: 4.0364268212575575e-09
      y: 4.400480564709015e-09
      z: 5.099889732880417e-10
    angular: 
      x: 1.598197797446311e-08
      y: -1.3945542245743035e-07
      z: 2.0342945590238368e-09
  covariance: [0.0, 0.0, 0.0, 0.0, 0.0, 0.0, 0.0, 0.0, 0.0, 0.0, 0.0, 0.0, 0.0, 0.0, 0.0, 0.0, 0.0, 0.0, 0.0, 0.0, 0.0, 0.0, 0.0, 0.0, 0.0, 0.0, 0.0, 0.0, 0.0, 0.0, 0.0, 0.0, 0.0, 0.0, 0.0, 0.0]
---
