header: 
  seq: 22036
  stamp: 
    secs: 1790068043
    nsecs: 817357872
  frame_id: "world"
child_frame_id: "/quadrotor"
pose: 
  pose: 
    position: 
      x: 0.013870325781543673
      y: -0.004232633574585893
      z: 2.0040538119603317
    orientation: 
      x: 1.4644182712418381e-09
      y: 1.8429283842097428e-09
      z: 8.604961367455339e-11
      w: 1.0
  covariance: [0.0, 0.0, 0.0, 0.0, 0.0, 0.0, 0.0, 0.0, 0.0, 0.0, 0.0, 0.0, 0.0, 0.0, 0.0, 0.0, 0.0, 0.0, 0.0, 0.0, 0.0, 0.0, 0.0, 0.0, 0.0, 0.0, 0.0, 0.0, 0.0, 0.0, 0.0, 0.0, 0.0, 0.0, 0.0, 0.0]
twist: 
  twist: 
    linear: 
      x: -8.15225947839584e-09
      y: 3.5877118419118114e-10
      z: -8.699468313226976e-09
    angular: 
      x: 8.315217198774104e-09
      y: -9.464241355315215e-10
      z: 1.4193938343793048e-09
  covariance: [0.0, 0.0, 0.0, 0.0, 0.0, 0.0, 0.0, 0.0, 0.0, 0.0, 0.0, 0.0, 0.0, 0.0, 0.0, 0.0, 0.0, 0.0, 0.0, 0.0, 0.0, 0.0, 0.0, 0.0, 0.0, 0.0, 0.0, 0.0, 0.0, 0.0, 0.0, 0.0, 0.0, 0.0, 0.0, 0.0]
---
