header: 
  seq: 46171
  stamp: 
    secs: 1790053296
    nsecs: 382454553
  frame_id: "world"
child_frame_id: "/quadrotor"
pose: 
  pose: 
    position: 
      x: 9.314158980355769
      y: 5.900432857164716
      z: 2.349825507813624
    orientation: 
      x: 1.6151914272322905e-09
      y: -9.683765770099176e-10
      z: 0.29567655671158705
      w: 0.9552881103683746
  covariance: [0.0, 0.0, 0.0, 0.0, 0.0, 0.0, 0.0, 0.0, 0.0, 0.0, 0.0, 0.0, 0.0, 0.0, 0.0, 0.0, 0.0, 0.0, 0.0, 0.0, 0.0, 0.0, 0.0, 0.0, 0.0, 0.0, 0.0, 0.0, 0.0, 0.0, 0.0, 0.0, 0.0, 0.0, 0.0, 0.0]
twist: 
  twist: 
    linear: 
      x: 5.857156940098577e-09
      y: 9.435602460494681e-09
      z: -3.97373075596088e-09
    angular: 
      x: 9.4945109392271e-08
      y: 8.286352375259579e-08
      z: 7.449566574839031e-10
  covariance: [0.0, 0.0, 0.0, 0.0, 0.0, 0.0, 0.0, 0.0, 0.0, 0.0, 0.0, 0.0, 0.0, 0.0, 0.0, 0.0, 0.0, 0.0, 0.0, 0.0, 0.0, 0.0, 0.0, 0.0, 0.0, 0.0, 0.0, 0.0, 0.0, 0.0, 0.0, 0.0, 0.0, 0.0, 0.0, 0.0]
---
