header: 
  seq: 18925
  stamp: 
    secs: 1790073555
    nsecs: 716068208
  frame_id: "world"
child_frame_id: "/quadrotor"
pose: 
  pose: 
    position: 
      x: 0.04631710456681556
      y: -0.01409710467900347
      z: 1.9948568800535098
    orientation: 
      x: 8.266090332620053e-10
      y: 3.072708431457887e-09
      z: -1.6822061711118753e-11
      w: 1.0
  covariance: [0.0, 0.0, 0.0, 0.0, 0.0, 0.0, 0.0, 0.0, 0.0, 0.0, 0.0, 0.0, 0.0, 0.0, 0.0, 0.0, 0.0, 0.0, 0.0, 0.0, 0.0, 0.0, 0.0, 0.0, 0.0, 0.0, 0.0, 0.0, 0.0, 0.0, 0.0, 0.0, 0.0, 0.0, 0.0, 0.0]
twist: 
  twist: 
    linear: 
      x: -6.946080690989867e-09
      y: -4.5815892972298e-09
      z: 1.7725382393952923e-09
    angular: 
      x: -9.045803256322803e-08
      y: -2.8115655007366302e-08
      z: 1.040637569199009e-09
  covariance: [0.0, 0.0, 0.0, 0.0, 0.0, 0.0, 0.0, 0.0, 0.0, 0.0, 0.0, 0.0, 0.0, 0.0, 0.0, 0.0, 0.0, 0.0, 0.0, 0.0, 0.0, 0.0, 0.0, 0.0, 0.0, 0.0, 0.0, 0.0, 0.0, 0.0, 0.0, 0.0, 0.0, 0.0, 0.0, 0.0]
---
