header: 
  seq: 32363
  stamp: 
    secs: 1790068147
    nsecs:  87355157
  frame_id: "world"
child_frame_id: "/quadrotor"
pose: 
  pose: 
    position: 
      x: 9.261215453018465
      y: 5.915093650322207
      z: 2.255628935771255
    orientation: 
      x: 2.6185896928383114e-10
      y: 2.5965998078621193e-10
      z: 0.29438573033272997
      w: 0.9556866859889099
  covariance: [0.0, 0.0, 0.0, 0.0, 0.0, 0.0, 0.0, 0.0, 0.0, 0.0, 0.0, 0.0, 0.0, 0.0, 0.0, 0.0, 0.0, 0.0, 0.0, 0.0, 0.0, 0.0, 0.0, 0.0, 0.0, 0.0, 0.0, 0.0, 0.0, 0.0, 0.0, 0.0, 0.0, 0.0, 0.0, 0.0]
twist: 
  twist: 
    linear: 
      x: -4.6103842549254114e-10
      y: 7.207264703550123e-10
      z: 5.425945474548242e-09
    angular: 
      x: 6.747892400079734e-09
      y: -1.3754656517075029e-08
      z: 8.3923021479459e-08
  covariance: [0.0, 0.0, 0.0, 0.0, 0.0, 0.0, 0.0, 0.0, 0.0, 0.0, 0.0, 0.0, 0.0, 0.0, 0.0, 0.0, 0.0, 0.0, 0.0, 0.0, 0.0, 0.0, 0.0, 0.0, 0.0, 0.0, 0.0, 0.0, 0.0, 0.0, 0.0, 0.0, 0.0, 0.0, 0.0, 0.0]
---
