header: 
  seq: 20290
  stamp: 
    secs: 1789998413
    nsecs: 588948821
  frame_id: "world"
child_frame_id: "/quadrotor"
pose: 
  pose: 
    position: 
      x: 0.0017522298992366223
      y: -0.0005360827639196481
      z: 2.0075000648359147
    orientation: 
      x: -8.928622127586363e-10
      y: -2.946358122005609e-09
      z: -4.4754737479591695e-11
      w: 1.0
  covariance: [0.0, 0.0, 0.0, 0.0, 0.0, 0.0, 0.0, 0.0, 0.0, 0.0, 0.0, 0.0, 0.0, 0.0, 0.0, 0.0, 0.0, 0.0, 0.0, 0.0, 0.0, 0.0, 0.0, 0.0, 0.0, 0.0, 0.0, 0.0, 0.0, 0.0, 0.0, 0.0, 0.0, 0.0, 0.0, 0.0]
twist: 
  twist: 
    linear: 
      x: -4.176837396584361e-09
      y: 8.97752192642173e-09
      z: 1.1014217807212565e-08
    angular: 
      x: 1.5591554243034802e-07
      y: 1.5474705515131922e-07
      z: -1.6523399263634775e-09
  covariance: [0.0, 0.0, 0.0, 0.0, 0.0, 0.0, 0.0, 0.0, 0.0, 0.0, 0.0, 0.0, 0.0, 0.0, 0.0, 0.0, 0.0, 0.0, 0.0, 0.0, 0.0, 0.0, 0.0, 0.0, 0.0, 0.0, 0.0, 0.0, 0.0, 0.0, 0.0, 0.0, 0.0, 0.0, 0.0, 0.0]
---
