header: 
  seq: 21543
  stamp: 
    secs: 1790072632
    nsecs:  17223771
  frame_id: "world"
child_frame_id: "/quadrotor"
pose: 
  pose: 
    position: 
      x: 0.046317104804357245
      y: -0.014097098471101339
      z: 1.994856886469754
    orientation: 
      x: 8.106791898909532e-10
      y: -8.949910832991365e-10
      z: 2.1279971774178704e-11
      w: 1.0
  covariance: [0.0, 0.0, 0.0, 0.0, 0.0, 0.0, 0.0, 0.0, 0.0, 0.0, 0.0, 0.0, 0.0, 0.0, 0.0, 0.0, 0.0, 0.0, 0.0, 0.0, 0.0, 0.0, 0.0, 0.0, 0.0, 0.0, 0.0, 0.0, 0.0, 0.0, 0.0, 0.0, 0.0, 0.0, 0.0, 0.0]
twist: 
  twist: 
    linear: 
      x: 1.923587269830921e-09
      y: -1.3308914131621126e-08
      z: -6.91910075761992e-09
    angular: 
      x: -2.3222598762714305e-08
      y: -3.122960759958944e-08
      z: -1.2345219335787912e-09
  covariance: [0.0, 0.0, 0.0, 0.0, 0.0, 0.0, 0.0, 0.0, 0.0, 0.0, 0.0, 0.0, 0.0, 0.0, 0.0, 0.0, 0.0, 0.0, 0.0, 0.0, 0.0, 0.0, 0.0, 0.0, 0.0, 0.0, 0.0, 0.0, 0.0, 0.0, 0.0, 0.0, 0.0, 0.0, 0.0, 0.0]
---
