header: 
  seq: 37747
  stamp: 
    secs: 1790053212
    nsecs: 142462507
  frame_id: "world"
child_frame_id: "/quadrotor"
pose: 
  pose: 
    position: 
      x: 0.013870326778840798
      y: -0.004232634866882248
      z: 2.0040538058153317
    orientation: 
      x: 8.397859999822365e-11
      y: -5.289742222284589e-10
      z: -6.982976440867507e-11
      w: 1.0
  covariance: [0.0, 0.0, 0.0, 0.0, 0.0, 0.0, 0.0, 0.0, 0.0, 0.0, 0.0, 0.0, 0.0, 0.0, 0.0, 0.0, 0.0, 0.0, 0.0, 0.0, 0.0, 0.0, 0.0, 0.0, 0.0, 0.0, 0.0, 0.0, 0.0, 0.0, 0.0, 0.0, 0.0, 0.0, 0.0, 0.0]
twist: 
  twist: 
    linear: 
      x: 4.470138134180925e-09
      y: 4.4634643999303795e-09
      z: -1.8096582406138493e-08
    angular: 
      x: 1.316100335119127e-08
      y: -1.6421226096552837e-08
      z: -9.133873786705787e-10
  covariance: [0.0, 0.0, 0.0, 0.0, 0.0, 0.0, 0.0, 0.0, 0.0, 0.0, 0.0, 0.0, 0.0, 0.0, 0.0, 0.0, 0.0, 0.0, 0.0, 0.0, 0.0, 0.0, 0.0, 0.0, 0.0, 0.0, 0.0, 0.0, 0.0, 0.0, 0.0, 0.0, 0.0, 0.0, 0.0, 0.0]
---
