header: 
  seq: 36233
  stamp: 
    secs: 1789999165
    nsecs: 345929837
  frame_id: "world"
child_frame_id: "/quadrotor"
pose: 
  pose: 
    position: 
      x: 8.400993318325522
      y: 5.546509625788698
      z: 2.178920731000328
    orientation: 
      x: 1.9033867910669087e-09
      y: 1.051620952273107e-09
      z: 0.3011181306488566
      w: 0.9535868452293887
  covariance: [0.0, 0.0, 0.0, 0.0, 0.0, 0.0, 0.0, 0.0, 0.0, 0.0, 0.0, 0.0, 0.0, 0.0, 0.0, 0.0, 0.0, 0.0, 0.0, 0.0, 0.0, 0.0, 0.0, 0.0, 0.0, 0.0, 0.0, 0.0, 0.0, 0.0, 0.0, 0.0, 0.0, 0.0, 0.0, 0.0]
twist: 
  twist: 
    linear: 
      x: -6.248979076969112e-10
      y: -1.607747906022276e-09
      z: 2.188332847122066e-09
    angular: 
      x: 4.496711643013803e-08
      y: 7.741981724068346e-08
      z: 2.7032359535915084e-09
  covariance: [0.0, 0.0, 0.0, 0.0, 0.0, 0.0, 0.0, 0.0, 0.0, 0.0, 0.0, 0.0, 0.0, 0.0, 0.0, 0.0, 0.0, 0.0, 0.0, 0.0, 0.0, 0.0, 0.0, 0.0, 0.0, 0.0, 0.0, 0.0, 0.0, 0.0, 0.0, 0.0, 0.0, 0.0, 0.0, 0.0]
---
