header: 
  seq: 26166
  stamp: 
    secs: 1789999581
    nsecs: 806687634
  frame_id: "world"
child_frame_id: "/quadrotor"
pose: 
  pose: 
    position: 
      x: 8.395049068518835
      y: 5.5341818233546505
      z: 2.1884608940592436
    orientation: 
      x: 1.6757216465821571e-09
      y: -1.5689530479222952e-09
      z: 0.303023792298553
      w: 0.9529829910869362
  covariance: [0.0, 0.0, 0.0, 0.0, 0.0, 0.0, 0.0, 0.0, 0.0, 0.0, 0.0, 0.0, 0.0, 0.0, 0.0, 0.0, 0.0, 0.0, 0.0, 0.0, 0.0, 0.0, 0.0, 0.0, 0.0, 0.0, 0.0, 0.0, 0.0, 0.0, 0.0, 0.0, 0.0, 0.0, 0.0, 0.0]
twist: 
  twist: 
    linear: 
      x: -5.812111193950422e-09
      y: 7.837727540740878e-09
      z: -6.123854690153911e-09
    angular: 
      x: -8.97158367108247e-09
      y: 1.0556881112830123e-07
      z: 1.1493375099968221e-09
  covariance: [0.0, 0.0, 0.0, 0.0, 0.0, 0.0, 0.0, 0.0, 0.0, 0.0, 0.0, 0.0, 0.0, 0.0, 0.0, 0.0, 0.0, 0.0, 0.0, 0.0, 0.0, 0.0, 0.0, 0.0, 0.0, 0.0, 0.0, 0.0, 0.0, 0.0, 0.0, 0.0, 0.0, 0.0, 0.0, 0.0]
---
