header: 
  seq: 53859
  stamp: 
    secs: 1789997714
    nsecs: 965377666
  frame_id: "world"
child_frame_id: "/quadrotor"
pose: 
  pose: 
    position: 
      x: 0.0017522197192670762
      y: -0.000536081549342792
      z: 2.00750007296355
    orientation: 
      x: -8.320156636520093e-10
      y: 1.7083185945356177e-09
      z: -5.523444548810076e-11
      w: 1.0
  covariance: [0.0, 0.0, 0.0, 0.0, 0.0, 0.0, 0.0, 0.0, 0.0, 0.0, 0.0, 0.0, 0.0, 0.0, 0.0, 0.0, 0.0, 0.0, 0.0, 0.0, 0.0, 0.0, 0.0, 0.0, 0.0, 0.0, 0.0, 0.0, 0.0, 0.0, 0.0, 0.0, 0.0, 0.0, 0.0, 0.0]
twist: 
  twist: 
    linear: 
      x: 7.615685903813581e-10
      y: 1.7590842831350395e-09
      z: -1.1551733584869488e-08
    angular: 
      x: 3.231160342794007e-08
      y: -2.605889193267854e-08
      z: 1.2916135938736133e-09
  covariance: [0.0, 0.0, 0.0, 0.0, 0.0, 0.0, 0.0, 0.0, 0.0, 0.0, 0.0, 0.0, 0.0, 0.0, 0.0, 0.0, 0.0, 0.0, 0.0, 0.0, 0.0, 0.0, 0.0, 0.0, 0.0, 0.0, 0.0, 0.0, 0.0, 0.0, 0.0, 0.0, 0.0, 0.0, 0.0, 0.0]
---
