header: 
  seq: 19203
  stamp: 
    secs: 1790052581
    nsecs: 482844381
  frame_id: "world"
child_frame_id: "/quadrotor"
pose: 
  pose: 
    position: 
      x: 0.013870340282154473
      y: -0.004232632444875152
      z: 2.004053822651182
    orientation: 
      x: 9.702575186276991e-10
      y: -2.160445510909323e-09
      z: 8.079923288350633e-11
      w: 1.0
  covariance: [0.0, 0.0, 0.0, 0.0, 0.0, 0.0, 0.0, 0.0, 0.0, 0.0, 0.0, 0.0, 0.0, 0.0, 0.0, 0.0, 0.0, 0.0, 0.0, 0.0, 0.0, 0.0, 0.0, 0.0, 0.0, 0.0, 0.0, 0.0, 0.0, 0.0, 0.0, 0.0, 0.0, 0.0, 0.0, 0.0]
twist: 
  twist: 
    linear: 
      x: 7.482432777071767e-09
      y: -1.5841264490689246e-09
      z: -1.1767983308207029e-08
    angular: 
      x: 1.09157665142234e-07
      y: -1.388530279712723e-07
      z: -1.7390535544311656e-09
  covariance: [0.0, 0.0, 0.0, 0.0, 0.0, 0.0, 0.0, 0.0, 0.0, 0.0, 0.0, 0.0, 0.0, 0.0, 0.0, 0.0, 0.0, 0.0, 0.0, 0.0, 0.0, 0.0, 0.0, 0.0, 0.0, 0.0, 0.0, 0.0, 0.0, 0.0, 0.0, 0.0, 0.0, 0.0, 0.0, 0.0]
---
