header: 
  seq: 71091
  stamp: 
    secs: 1790069004
    nsecs: 408115417
  frame_id: "world"
child_frame_id: "/quadrotor"
pose: 
  pose: 
    position: 
      x: 9.226555141384871
      y: 5.889709082444368
      z: 2.2731108734139847
    orientation: 
      x: 5.745879840965619e-12
      y: 1.0123798053876518e-10
      z: 0.293915430015843
      w: 0.9558314286518319
  covariance: [0.0, 0.0, 0.0, 0.0, 0.0, 0.0, 0.0, 0.0, 0.0, 0.0, 0.0, 0.0, 0.0, 0.0, 0.0, 0.0, 0.0, 0.0, 0.0, 0.0, 0.0, 0.0, 0.0, 0.0, 0.0, 0.0, 0.0, 0.0, 0.0, 0.0, 0.0, 0.0, 0.0, 0.0, 0.0, 0.0]
twist: 
  twist: 
    linear: 
      x: -4.520816297053101e-10
      y: -1.3328588473555298e-10
      z: 1.0796667557510064e-08
    angular: 
      x: -1.5953950900106644e-08
      y: 6.660161380472192e-09
      z: 3.0106757892971933e-07
  covariance: [0.0, 0.0, 0.0, 0.0, 0.0, 0.0, 0.0, 0.0, 0.0, 0.0, 0.0, 0.0, 0.0, 0.0, 0.0, 0.0, 0.0, 0.0, 0.0, 0.0, 0.0, 0.0, 0.0, 0.0, 0.0, 0.0, 0.0, 0.0, 0.0, 0.0, 0.0, 0.0, 0.0, 0.0, 0.0, 0.0]
---
