header: 
  seq: 30165
  stamp: 
    secs: 1789732267
    nsecs: 179454795
  frame_id: "world"
child_frame_id: "/quadrotor"
pose: 
  pose: 
    position: 
      x: 6.824213581055942
      y: 7.88995551947761
      z: 1.6321684664800435
    orientation: 
      x: 4.927478483489332e-09
      y: -3.7412680761362335e-09
      z: 0.3032840500673576
      w: 0.9529001967544872
  covariance: [0.0, 0.0, 0.0, 0.0, 0.0, 0.0, 0.0, 0.0, 0.0, 0.0, 0.0, 0.0, 0.0, 0.0, 0.0, 0.0, 0.0, 0.0, 0.0, 0.0, 0.0, 0.0, 0.0, 0.0, 0.0, 0.0, 0.0, 0.0, 0.0, 0.0, 0.0, 0.0, 0.0, 0.0, 0.0, 0.0]
twist: 
  twist: 
    linear: 
      x: -5.343185251292147e-10
      y: -5.5657350478020495e-09
      z: 8.624926524123714e-09
    angular: 
      x: -2.0977406809857667e-08
      y: 4.2272084255578325e-08
      z: -1.5347059697020107e-09
  covariance: [0.0, 0.0, 0.0, 0.0, 0.0, 0.0, 0.0, 0.0, 0.0, 0.0, 0.0, 0.0, 0.0, 0.0, 0.0, 0.0, 0.0, 0.0, 0.0, 0.0, 0.0, 0.0, 0.0, 0.0, 0.0, 0.0, 0.0, 0.0, 0.0, 0.0, 0.0, 0.0, 0.0, 0.0, 0.0, 0.0]
---
