header: 
  seq: 46219
  stamp: 
    secs: 1789823367
    nsecs: 966122501
  frame_id: "world"
child_frame_id: "/quadrotor"
pose: 
  pose: 
    position: 
      x: 6.820244828324985
      y: 7.90403009669035
      z: 1.627181595233092
    orientation: 
      x: 1.3107923623845167e-10
      y: 8.52225702001733e-11
      z: 0.30310265198153247
      w: 0.952957912167039
  covariance: [0.0, 0.0, 0.0, 0.0, 0.0, 0.0, 0.0, 0.0, 0.0, 0.0, 0.0, 0.0, 0.0, 0.0, 0.0, 0.0, 0.0, 0.0, 0.0, 0.0, 0.0, 0.0, 0.0, 0.0, 0.0, 0.0, 0.0, 0.0, 0.0, 0.0, 0.0, 0.0, 0.0, 0.0, 0.0, 0.0]
twist: 
  twist: 
    linear: 
      x: 7.319439982732248e-10
      y: 1.5984318218702598e-10
      z: -1.1928528120660813e-09
    angular: 
      x: -6.7886417831537046e-09
      y: -1.8171364887796998e-08
      z: 5.862761907960842e-07
  covariance: [0.0, 0.0, 0.0, 0.0, 0.0, 0.0, 0.0, 0.0, 0.0, 0.0, 0.0, 0.0, 0.0, 0.0, 0.0, 0.0, 0.0, 0.0, 0.0, 0.0, 0.0, 0.0, 0.0, 0.0, 0.0, 0.0, 0.0, 0.0, 0.0, 0.0, 0.0, 0.0, 0.0, 0.0, 0.0, 0.0]
---
