header: 
  seq: 18586
  stamp: 
    secs: 1789732151
    nsecs: 389490466
  frame_id: "world"
child_frame_id: "/quadrotor"
pose: 
  pose: 
    position: 
      x: 0.0010980865479439737
      y: -0.001206994669687437
      z: 2.0067758072695336
    orientation: 
      x: -4.207234211257505e-09
      y: 8.122163386531667e-10
      z: -1.2533024303364416e-10
      w: 1.0
  covariance: [0.0, 0.0, 0.0, 0.0, 0.0, 0.0, 0.0, 0.0, 0.0, 0.0, 0.0, 0.0, 0.0, 0.0, 0.0, 0.0, 0.0, 0.0, 0.0, 0.0, 0.0, 0.0, 0.0, 0.0, 0.0, 0.0, 0.0, 0.0, 0.0, 0.0, 0.0, 0.0, 0.0, 0.0, 0.0, 0.0]
twist: 
  twist: 
    linear: 
      x: -8.116599806358785e-10
      y: -4.824364783173616e-10
      z: 1.6600143988117285e-09
    angular: 
      x: -1.6379153333774567e-07
      y: 5.9333255661940874e-08
      z: -5.215776340897412e-09
  covariance: [0.0, 0.0, 0.0, 0.0, 0.0, 0.0, 0.0, 0.0, 0.0, 0.0, 0.0, 0.0, 0.0, 0.0, 0.0, 0.0, 0.0, 0.0, 0.0, 0.0, 0.0, 0.0, 0.0, 0.0, 0.0, 0.0, 0.0, 0.0, 0.0, 0.0, 0.0, 0.0, 0.0, 0.0, 0.0, 0.0]
---
