header: 
  seq: 26851
  stamp: 
    secs: 1789823174
    nsecs: 286114200
  frame_id: "world"
child_frame_id: "/quadrotor"
pose: 
  pose: 
    position: 
      x: 0.0010980892368001067
      y: -0.001206989848098128
      z: 2.0067758193562257
    orientation: 
      x: 1.505768380066737e-09
      y: -1.4085671730630645e-09
      z: 2.982218019060145e-11
      w: 1.0
  covariance: [0.0, 0.0, 0.0, 0.0, 0.0, 0.0, 0.0, 0.0, 0.0, 0.0, 0.0, 0.0, 0.0, 0.0, 0.0, 0.0, 0.0, 0.0, 0.0, 0.0, 0.0, 0.0, 0.0, 0.0, 0.0, 0.0, 0.0, 0.0, 0.0, 0.0, 0.0, 0.0, 0.0, 0.0, 0.0, 0.0]
twist: 
  twist: 
    linear: 
      x: -6.8326102032254854e-09
      y: 5.215768530778333e-09
      z: 3.6772648195607552e-09
    angular: 
      x: -4.054725627733186e-08
      y: 6.815769099144825e-08
      z: -6.045368116918627e-10
  covariance: [0.0, 0.0, 0.0, 0.0, 0.0, 0.0, 0.0, 0.0, 0.0, 0.0, 0.0, 0.0, 0.0, 0.0, 0.0, 0.0, 0.0, 0.0, 0.0, 0.0, 0.0, 0.0, 0.0, 0.0, 0.0, 0.0, 0.0, 0.0, 0.0, 0.0, 0.0, 0.0, 0.0, 0.0, 0.0, 0.0]
---
