header: 
  seq: 35479
  stamp: 
    secs: 1789826223
    nsecs: 201972919
  frame_id: "world"
child_frame_id: "/quadrotor"
pose: 
  pose: 
    position: 
      x: 6.834763114062534
      y: 7.91858661047049
      z: 1.6298330351991066
    orientation: 
      x: -1.2043400191708146e-10
      y: 1.6341074703986479e-09
      z: 0.30316831597186594
      w: 0.952937024252276
  covariance: [0.0, 0.0, 0.0, 0.0, 0.0, 0.0, 0.0, 0.0, 0.0, 0.0, 0.0, 0.0, 0.0, 0.0, 0.0, 0.0, 0.0, 0.0, 0.0, 0.0, 0.0, 0.0, 0.0, 0.0, 0.0, 0.0, 0.0, 0.0, 0.0, 0.0, 0.0, 0.0, 0.0, 0.0, 0.0, 0.0]
twist: 
  twist: 
    linear: 
      x: 2.708503030549205e-09
      y: -2.259863973438862e-10
      z: -3.1109301952459633e-09
    angular: 
      x: -7.383064522024513e-08
      y: -3.762309238702362e-08
      z: 4.471850175565419e-10
  covariance: [0.0, 0.0, 0.0, 0.0, 0.0, 0.0, 0.0, 0.0, 0.0, 0.0, 0.0, 0.0, 0.0, 0.0, 0.0, 0.0, 0.0, 0.0, 0.0, 0.0, 0.0, 0.0, 0.0, 0.0, 0.0, 0.0, 0.0, 0.0, 0.0, 0.0, 0.0, 0.0, 0.0, 0.0, 0.0, 0.0]
---
