header: 
  seq: 21596
  stamp: 
    secs: 1789826084
    nsecs: 372003497
  frame_id: "world"
child_frame_id: "/quadrotor"
pose: 
  pose: 
    position: 
      x: 0.0010980897009282731
      y: -0.001206996070012945
      z: 2.006775824419005
    orientation: 
      x: -2.812709500567741e-09
      y: -4.819632358857141e-09
      z: 6.606521688827058e-11
      w: 1.0
  covariance: [0.0, 0.0, 0.0, 0.0, 0.0, 0.0, 0.0, 0.0, 0.0, 0.0, 0.0, 0.0, 0.0, 0.0, 0.0, 0.0, 0.0, 0.0, 0.0, 0.0, 0.0, 0.0, 0.0, 0.0, 0.0, 0.0, 0.0, 0.0, 0.0, 0.0, 0.0, 0.0, 0.0, 0.0, 0.0, 0.0]
twist: 
  twist: 
    linear: 
      x: 6.072042547925882e-10
      y: -1.2053949488489838e-09
      z: 9.704649169215897e-09
    angular: 
      x: 1.2143479127116374e-07
      y: 2.2848725156043962e-07
      z: 1.2677072234714623e-10
  covariance: [0.0, 0.0, 0.0, 0.0, 0.0, 0.0, 0.0, 0.0, 0.0, 0.0, 0.0, 0.0, 0.0, 0.0, 0.0, 0.0, 0.0, 0.0, 0.0, 0.0, 0.0, 0.0, 0.0, 0.0, 0.0, 0.0, 0.0, 0.0, 0.0, 0.0, 0.0, 0.0, 0.0, 0.0, 0.0, 0.0]
---
