header: 
  seq: 34298
  stamp: 
    secs: 1789909726
    nsecs: 577231602
  frame_id: "world"
child_frame_id: "/quadrotor"
pose: 
  pose: 
    position: 
      x: 7.47079548738811
      y: 8.585985116318255
      z: 1.6120375784326735
    orientation: 
      x: -1.404964953379205e-11
      y: 2.5289636699778156e-10
      z: 0.2911038583960225
      w: 0.9566914568589753
  covariance: [0.0, 0.0, 0.0, 0.0, 0.0, 0.0, 0.0, 0.0, 0.0, 0.0, 0.0, 0.0, 0.0, 0.0, 0.0, 0.0, 0.0, 0.0, 0.0, 0.0, 0.0, 0.0, 0.0, 0.0, 0.0, 0.0, 0.0, 0.0, 0.0, 0.0, 0.0, 0.0, 0.0, 0.0, 0.0, 0.0]
twist: 
  twist: 
    linear: 
      x: 1.9493443287385613e-10
      y: 6.070435786123565e-10
      z: -9.404984241625676e-10
    angular: 
      x: 1.4079594814476257e-08
      y: -4.618237842174613e-09
      z: 2.2930421879811256e-07
  covariance: [0.0, 0.0, 0.0, 0.0, 0.0, 0.0, 0.0, 0.0, 0.0, 0.0, 0.0, 0.0, 0.0, 0.0, 0.0, 0.0, 0.0, 0.0, 0.0, 0.0, 0.0, 0.0, 0.0, 0.0, 0.0, 0.0, 0.0, 0.0, 0.0, 0.0, 0.0, 0.0, 0.0, 0.0, 0.0, 0.0]
---
