header: 
  seq: 37581
  stamp: 
    secs: 1789910391
    nsecs: 197744161
  frame_id: "world"
child_frame_id: "/quadrotor"
pose: 
  pose: 
    position: 
      x: 7.467963731766022
      y: 8.568490304976548
      z: 1.604775112558687
    orientation: 
      x: -1.8898438328610966e-09
      y: -1.1368726376311927e-09
      z: 0.2919824706663366
      w: 0.9564236701502018
  covariance: [0.0, 0.0, 0.0, 0.0, 0.0, 0.0, 0.0, 0.0, 0.0, 0.0, 0.0, 0.0, 0.0, 0.0, 0.0, 0.0, 0.0, 0.0, 0.0, 0.0, 0.0, 0.0, 0.0, 0.0, 0.0, 0.0, 0.0, 0.0, 0.0, 0.0, 0.0, 0.0, 0.0, 0.0, 0.0, 0.0]
twist: 
  twist: 
    linear: 
      x: -9.544857668698635e-09
      y: -2.6461870702363233e-09
      z: 4.284529147979321e-09
    angular: 
      x: -5.499953444974658e-08
      y: -9.111742484190705e-10
      z: 3.260851329918822e-10
  covariance: [0.0, 0.0, 0.0, 0.0, 0.0, 0.0, 0.0, 0.0, 0.0, 0.0, 0.0, 0.0, 0.0, 0.0, 0.0, 0.0, 0.0, 0.0, 0.0, 0.0, 0.0, 0.0, 0.0, 0.0, 0.0, 0.0, 0.0, 0.0, 0.0, 0.0, 0.0, 0.0, 0.0, 0.0, 0.0, 0.0]
---
