header: 
  seq: 23953
  stamp: 
    secs: 1789910780
    nsecs: 922405226
  frame_id: "world"
child_frame_id: "/quadrotor"
pose: 
  pose: 
    position: 
      x: 0.008705327199188357
      y: -0.009546661248425738
      z: 1.998332468887714
    orientation: 
      x: -7.26220757483565e-10
      y: -4.435283757288539e-10
      z: -2.657625379340743e-11
      w: 1.0
  covariance: [0.0, 0.0, 0.0, 0.0, 0.0, 0.0, 0.0, 0.0, 0.0, 0.0, 0.0, 0.0, 0.0, 0.0, 0.0, 0.0, 0.0, 0.0, 0.0, 0.0, 0.0, 0.0, 0.0, 0.0, 0.0, 0.0, 0.0, 0.0, 0.0, 0.0, 0.0, 0.0, 0.0, 0.0, 0.0, 0.0]
twist: 
  twist: 
    linear: 
      x: -1.0060589474982468e-10
      y: -4.705911796276926e-09
      z: -1.1217738809490256e-09
    angular: 
      x: -4.605104621112111e-08
      y: 6.379132625042644e-09
      z: -6.144279388750592e-09
  covariance: [0.0, 0.0, 0.0, 0.0, 0.0, 0.0, 0.0, 0.0, 0.0, 0.0, 0.0, 0.0, 0.0, 0.0, 0.0, 0.0, 0.0, 0.0, 0.0, 0.0, 0.0, 0.0, 0.0, 0.0, 0.0, 0.0, 0.0, 0.0, 0.0, 0.0, 0.0, 0.0, 0.0, 0.0, 0.0, 0.0]
---
