header: 
  seq: 38786
  stamp: 
    secs: 1789911439
    nsecs: 116166982
  frame_id: "world"
child_frame_id: "/quadrotor"
pose: 
  pose: 
    position: 
      x: 7.447316959003707
      y: 8.57685158051846
      z: 1.6193173265181153
    orientation: 
      x: 4.995257790376922e-10
      y: -8.576238593769019e-10
      z: 0.29144339086177845
      w: 0.9565880774518302
  covariance: [0.0, 0.0, 0.0, 0.0, 0.0, 0.0, 0.0, 0.0, 0.0, 0.0, 0.0, 0.0, 0.0, 0.0, 0.0, 0.0, 0.0, 0.0, 0.0, 0.0, 0.0, 0.0, 0.0, 0.0, 0.0, 0.0, 0.0, 0.0, 0.0, 0.0, 0.0, 0.0, 0.0, 0.0, 0.0, 0.0]
twist: 
  twist: 
    linear: 
      x: -4.916322041196813e-09
      y: -1.3832042372708305e-08
      z: 1.6805519957582127e-10
    angular: 
      x: 1.7746194985863094e-08
      y: -7.439065599052659e-09
      z: 3.4880883409611156e-10
  covariance: [0.0, 0.0, 0.0, 0.0, 0.0, 0.0, 0.0, 0.0, 0.0, 0.0, 0.0, 0.0, 0.0, 0.0, 0.0, 0.0, 0.0, 0.0, 0.0, 0.0, 0.0, 0.0, 0.0, 0.0, 0.0, 0.0, 0.0, 0.0, 0.0, 0.0, 0.0, 0.0, 0.0, 0.0, 0.0, 0.0]
---
