header: 
  seq: 22276
  stamp: 
    secs: 1789911274
    nsecs:  17152303
  frame_id: "world"
child_frame_id: "/quadrotor"
pose: 
  pose: 
    position: 
      x: 0.008705333200492302
      y: -0.009546655923325877
      z: 1.998332483089888
    orientation: 
      x: -9.335251990402789e-10
      y: -1.9682764600001606e-09
      z: -4.45242959221358e-11
      w: 1.0
  covariance: [0.0, 0.0, 0.0, 0.0, 0.0, 0.0, 0.0, 0.0, 0.0, 0.0, 0.0, 0.0, 0.0, 0.0, 0.0, 0.0, 0.0, 0.0, 0.0, 0.0, 0.0, 0.0, 0.0, 0.0, 0.0, 0.0, 0.0, 0.0, 0.0, 0.0, 0.0, 0.0, 0.0, 0.0, 0.0, 0.0]
twist: 
  twist: 
    linear: 
      x: 7.915856456874393e-09
      y: 2.587329642185212e-09
      z: -1.0464030343967744e-09
    angular: 
      x: 3.2862765294223746e-08
      y: -6.155410415750409e-08
      z: -9.629151579932805e-10
  covariance: [0.0, 0.0, 0.0, 0.0, 0.0, 0.0, 0.0, 0.0, 0.0, 0.0, 0.0, 0.0, 0.0, 0.0, 0.0, 0.0, 0.0, 0.0, 0.0, 0.0, 0.0, 0.0, 0.0, 0.0, 0.0, 0.0, 0.0, 0.0, 0.0, 0.0, 0.0, 0.0, 0.0, 0.0, 0.0, 0.0]
---
