header: 
  seq: 20500
  stamp: 
    secs: 1789910220
    nsecs: 387743114
  frame_id: "world"
child_frame_id: "/quadrotor"
pose: 
  pose: 
    position: 
      x: 0.0087053270760884
      y: -0.009546650543728283
      z: 1.9983324798288187
    orientation: 
      x: 1.3657005853041344e-09
      y: 4.874525165263577e-10
      z: 2.9679408693677554e-11
      w: 1.0
  covariance: [0.0, 0.0, 0.0, 0.0, 0.0, 0.0, 0.0, 0.0, 0.0, 0.0, 0.0, 0.0, 0.0, 0.0, 0.0, 0.0, 0.0, 0.0, 0.0, 0.0, 0.0, 0.0, 0.0, 0.0, 0.0, 0.0, 0.0, 0.0, 0.0, 0.0, 0.0, 0.0, 0.0, 0.0, 0.0, 0.0]
twist: 
  twist: 
    linear: 
      x: 8.62772668340975e-09
      y: -2.054247715482912e-09
      z: -4.466493068279972e-10
    angular: 
      x: -4.485196524525779e-08
      y: 2.178462590681129e-08
      z: -6.406089032825578e-11
  covariance: [0.0, 0.0, 0.0, 0.0, 0.0, 0.0, 0.0, 0.0, 0.0, 0.0, 0.0, 0.0, 0.0, 0.0, 0.0, 0.0, 0.0, 0.0, 0.0, 0.0, 0.0, 0.0, 0.0, 0.0, 0.0, 0.0, 0.0, 0.0, 0.0, 0.0, 0.0, 0.0, 0.0, 0.0, 0.0, 0.0]
---
