header: 
  seq: 20834
  stamp: 
    secs: 1789909591
    nsecs: 937262467
  frame_id: "world"
child_frame_id: "/quadrotor"
pose: 
  pose: 
    position: 
      x: 0.008705332911245254
      y: -0.00954666043015194
      z: 1.9983324675210017
    orientation: 
      x: -6.345518372443758e-10
      y: -1.1584319589373311e-10
      z: 1.0828900708230232e-10
      w: 1.0
  covariance: [0.0, 0.0, 0.0, 0.0, 0.0, 0.0, 0.0, 0.0, 0.0, 0.0, 0.0, 0.0, 0.0, 0.0, 0.0, 0.0, 0.0, 0.0, 0.0, 0.0, 0.0, 0.0, 0.0, 0.0, 0.0, 0.0, 0.0, 0.0, 0.0, 0.0, 0.0, 0.0, 0.0, 0.0, 0.0, 0.0]
twist: 
  twist: 
    linear: 
      x: 8.156125030627086e-09
      y: 2.5221053007576795e-09
      z: -1.977636890509425e-09
    angular: 
      x: -2.8712896652630174e-08
      y: -6.250501108013183e-08
      z: 1.0803956756362458e-09
  covariance: [0.0, 0.0, 0.0, 0.0, 0.0, 0.0, 0.0, 0.0, 0.0, 0.0, 0.0, 0.0, 0.0, 0.0, 0.0, 0.0, 0.0, 0.0, 0.0, 0.0, 0.0, 0.0, 0.0, 0.0, 0.0, 0.0, 0.0, 0.0, 0.0, 0.0, 0.0, 0.0, 0.0, 0.0, 0.0, 0.0]
---
