header: 
  seq: 38487
  stamp: 
    secs: 1789910926
    nsecs: 262390595
  frame_id: "world"
child_frame_id: "/quadrotor"
pose: 
  pose: 
    position: 
      x: 7.444350531795723
      y: 8.557388675125452
      z: 1.6348301556853952
    orientation: 
      x: 2.0599420451927488e-10
      y: 1.2342182483039614e-10
      z: 0.2922420254993811
      w: 0.9563443932663688
  covariance: [0.0, 0.0, 0.0, 0.0, 0.0, 0.0, 0.0, 0.0, 0.0, 0.0, 0.0, 0.0, 0.0, 0.0, 0.0, 0.0, 0.0, 0.0, 0.0, 0.0, 0.0, 0.0, 0.0, 0.0, 0.0, 0.0, 0.0, 0.0, 0.0, 0.0, 0.0, 0.0, 0.0, 0.0, 0.0, 0.0]
twist: 
  twist: 
    linear: 
      x: 7.307337695122469e-11
      y: -5.085089080708805e-10
      z: -7.322859116420673e-09
    angular: 
      x: 1.827338868220616e-08
      y: -4.634652233058954e-09
      z: -2.0176164566303475e-07
  covariance: [0.0, 0.0, 0.0, 0.0, 0.0, 0.0, 0.0, 0.0, 0.0, 0.0, 0.0, 0.0, 0.0, 0.0, 0.0, 0.0, 0.0, 0.0, 0.0, 0.0, 0.0, 0.0, 0.0, 0.0, 0.0, 0.0, 0.0, 0.0, 0.0, 0.0, 0.0, 0.0, 0.0, 0.0, 0.0, 0.0]
---
