header: 
  seq: 26395
  stamp: 
    secs: 1789961124
    nsecs: 144429890
  frame_id: "world"
child_frame_id: "/quadrotor"
pose: 
  pose: 
    position: 
      x: 10.882143512618024
      y: 6.1424342605775655
      z: 1.5006280294128227
    orientation: 
      x: -5.066449783620498e-09
      y: -3.3501561394760904e-09
      z: 0.34442053815952867
      w: 0.9388154732927556
  covariance: [0.0, 0.0, 0.0, 0.0, 0.0, 0.0, 0.0, 0.0, 0.0, 0.0, 0.0, 0.0, 0.0, 0.0, 0.0, 0.0, 0.0, 0.0, 0.0, 0.0, 0.0, 0.0, 0.0, 0.0, 0.0, 0.0, 0.0, 0.0, 0.0, 0.0, 0.0, 0.0, 0.0, 0.0, 0.0, 0.0]
twist: 
  twist: 
    linear: 
      x: -1.154658086299269e-09
      y: 7.914488108296938e-09
      z: 3.659598975930944e-09
    angular: 
      x: -3.515656418864746e-08
      y: 3.713517376541658e-08
      z: -2.131707623351498e-09
  covariance: [0.0, 0.0, 0.0, 0.0, 0.0, 0.0, 0.0, 0.0, 0.0, 0.0, 0.0, 0.0, 0.0, 0.0, 0.0, 0.0, 0.0, 0.0, 0.0, 0.0, 0.0, 0.0, 0.0, 0.0, 0.0, 0.0, 0.0, 0.0, 0.0, 0.0, 0.0, 0.0, 0.0, 0.0, 0.0, 0.0]
---
