header: 
  seq: 18832
  stamp: 
    secs: 1789960270
    nsecs: 285701581
  frame_id: "world"
child_frame_id: "/quadrotor"
pose: 
  pose: 
    position: 
      x: 0.029113808796885958
      y: -0.03185296842557734
      z: 1.9757913441624977
    orientation: 
      x: -2.797102323680061e-10
      y: 4.69551710177798e-10
      z: 9.526773573547015e-12
      w: 1.0
  covariance: [0.0, 0.0, 0.0, 0.0, 0.0, 0.0, 0.0, 0.0, 0.0, 0.0, 0.0, 0.0, 0.0, 0.0, 0.0, 0.0, 0.0, 0.0, 0.0, 0.0, 0.0, 0.0, 0.0, 0.0, 0.0, 0.0, 0.0, 0.0, 0.0, 0.0, 0.0, 0.0, 0.0, 0.0, 0.0, 0.0]
twist: 
  twist: 
    linear: 
      x: -3.708576992892962e-10
      y: -3.653466943315855e-09
      z: -8.29293320158511e-09
    angular: 
      x: -1.2665940925911643e-08
      y: -5.7941033088233235e-08
      z: 1.2672189071369006e-09
  covariance: [0.0, 0.0, 0.0, 0.0, 0.0, 0.0, 0.0, 0.0, 0.0, 0.0, 0.0, 0.0, 0.0, 0.0, 0.0, 0.0, 0.0, 0.0, 0.0, 0.0, 0.0, 0.0, 0.0, 0.0, 0.0, 0.0, 0.0, 0.0, 0.0, 0.0, 0.0, 0.0, 0.0, 0.0, 0.0, 0.0]
---
