header: 
  seq: 18419
  stamp: 
    secs: 1789961044
    nsecs: 384437912
  frame_id: "world"
child_frame_id: "/quadrotor"
pose: 
  pose: 
    position: 
      x: 0.029113806736028102
      y: -0.0318529667384669
      z: 1.975791331948005
    orientation: 
      x: -3.659223890101592e-10
      y: -1.2108059304421708e-09
      z: 8.149882095081061e-11
      w: 1.0
  covariance: [0.0, 0.0, 0.0, 0.0, 0.0, 0.0, 0.0, 0.0, 0.0, 0.0, 0.0, 0.0, 0.0, 0.0, 0.0, 0.0, 0.0, 0.0, 0.0, 0.0, 0.0, 0.0, 0.0, 0.0, 0.0, 0.0, 0.0, 0.0, 0.0, 0.0, 0.0, 0.0, 0.0, 0.0, 0.0, 0.0]
twist: 
  twist: 
    linear: 
      x: 8.219890385704493e-09
      y: 3.973189536926194e-09
      z: -1.1070907085989943e-08
    angular: 
      x: -1.2818618373442306e-09
      y: -3.275185036114599e-08
      z: -1.1198813109114185e-09
  covariance: [0.0, 0.0, 0.0, 0.0, 0.0, 0.0, 0.0, 0.0, 0.0, 0.0, 0.0, 0.0, 0.0, 0.0, 0.0, 0.0, 0.0, 0.0, 0.0, 0.0, 0.0, 0.0, 0.0, 0.0, 0.0, 0.0, 0.0, 0.0, 0.0, 0.0, 0.0, 0.0, 0.0, 0.0, 0.0, 0.0]
---
