header: 
  seq: 26539
  stamp: 
    secs: 1789960751
    nsecs: 141754182
  frame_id: "world"
child_frame_id: "/quadrotor"
pose: 
  pose: 
    position: 
      x: 10.698932307472736
      y: 6.155788287982886
      z: 1.4954700556847158
    orientation: 
      x: -2.5656204858582336e-10
      y: -3.059412257362516e-10
      z: 0.3409718320507955
      w: 0.940073512948814
  covariance: [0.0, 0.0, 0.0, 0.0, 0.0, 0.0, 0.0, 0.0, 0.0, 0.0, 0.0, 0.0, 0.0, 0.0, 0.0, 0.0, 0.0, 0.0, 0.0, 0.0, 0.0, 0.0, 0.0, 0.0, 0.0, 0.0, 0.0, 0.0, 0.0, 0.0, 0.0, 0.0, 0.0, 0.0, 0.0, 0.0]
twist: 
  twist: 
    linear: 
      x: 5.770410990776205e-10
      y: -8.02549371844246e-10
      z: 5.770649668067629e-09
    angular: 
      x: -1.1779951174076065e-08
      y: -5.534380247881049e-09
      z: 2.927416081826579e-07
  covariance: [0.0, 0.0, 0.0, 0.0, 0.0, 0.0, 0.0, 0.0, 0.0, 0.0, 0.0, 0.0, 0.0, 0.0, 0.0, 0.0, 0.0, 0.0, 0.0, 0.0, 0.0, 0.0, 0.0, 0.0, 0.0, 0.0, 0.0, 0.0, 0.0, 0.0, 0.0, 0.0, 0.0, 0.0, 0.0, 0.0]
---
