header: 
  seq: 17739
  stamp: 
    secs: 1789961442
    nsecs: 974365708
  frame_id: "world"
child_frame_id: "/quadrotor"
pose: 
  pose: 
    position: 
      x: 0.029113805035457175
      y: -0.0318529635859324
      z: 1.9757913410644687
    orientation: 
      x: 2.603696365693091e-10
      y: 2.049938346844762e-09
      z: 5.5562098032186246e-11
      w: 1.0
  covariance: [0.0, 0.0, 0.0, 0.0, 0.0, 0.0, 0.0, 0.0, 0.0, 0.0, 0.0, 0.0, 0.0, 0.0, 0.0, 0.0, 0.0, 0.0, 0.0, 0.0, 0.0, 0.0, 0.0, 0.0, 0.0, 0.0, 0.0, 0.0, 0.0, 0.0, 0.0, 0.0, 0.0, 0.0, 0.0, 0.0]
twist: 
  twist: 
    linear: 
      x: -6.729527246826453e-09
      y: -5.735668322954008e-09
      z: -1.5034384703593666e-08
    angular: 
      x: 1.0278196640032843e-09
      y: -3.6972793049311455e-09
      z: 1.8063422989276607e-09
  covariance: [0.0, 0.0, 0.0, 0.0, 0.0, 0.0, 0.0, 0.0, 0.0, 0.0, 0.0, 0.0, 0.0, 0.0, 0.0, 0.0, 0.0, 0.0, 0.0, 0.0, 0.0, 0.0, 0.0, 0.0, 0.0, 0.0, 0.0, 0.0, 0.0, 0.0, 0.0, 0.0, 0.0, 0.0, 0.0, 0.0]
---
