header: 
  seq: 18748
  stamp: 
    secs: 1789960673
    nsecs: 231887965
  frame_id: "world"
child_frame_id: "/quadrotor"
pose: 
  pose: 
    position: 
      x: 0.029113805287260135
      y: -0.03185296763877163
      z: 1.9757913457961456
    orientation: 
      x: 2.392506182878129e-10
      y: 1.0650522920645806e-09
      z: -2.572495534289051e-11
      w: 1.0
  covariance: [0.0, 0.0, 0.0, 0.0, 0.0, 0.0, 0.0, 0.0, 0.0, 0.0, 0.0, 0.0, 0.0, 0.0, 0.0, 0.0, 0.0, 0.0, 0.0, 0.0, 0.0, 0.0, 0.0, 0.0, 0.0, 0.0, 0.0, 0.0, 0.0, 0.0, 0.0, 0.0, 0.0, 0.0, 0.0, 0.0]
twist: 
  twist: 
    linear: 
      x: -4.041206089349814e-09
      y: -2.524573461739967e-09
      z: -9.05937055264574e-09
    angular: 
      x: 1.0097156227672728e-07
      y: -7.397983215482474e-08
      z: -4.692795774717435e-10
  covariance: [0.0, 0.0, 0.0, 0.0, 0.0, 0.0, 0.0, 0.0, 0.0, 0.0, 0.0, 0.0, 0.0, 0.0, 0.0, 0.0, 0.0, 0.0, 0.0, 0.0, 0.0, 0.0, 0.0, 0.0, 0.0, 0.0, 0.0, 0.0, 0.0, 0.0, 0.0, 0.0, 0.0, 0.0, 0.0, 0.0]
---
