header: 
  seq: 24678
  stamp: 
    secs: 1789961512
    nsecs: 364355349
  frame_id: "world"
child_frame_id: "/quadrotor"
pose: 
  pose: 
    position: 
      x: 10.80976748441684
      y: 6.133402764077839
      z: 1.5075188347562163
    orientation: 
      x: 4.9626713827364715e-11
      y: -3.2778588096214652e-12
      z: 0.34684322243458743
      w: 0.9379231200110121
  covariance: [0.0, 0.0, 0.0, 0.0, 0.0, 0.0, 0.0, 0.0, 0.0, 0.0, 0.0, 0.0, 0.0, 0.0, 0.0, 0.0, 0.0, 0.0, 0.0, 0.0, 0.0, 0.0, 0.0, 0.0, 0.0, 0.0, 0.0, 0.0, 0.0, 0.0, 0.0, 0.0, 0.0, 0.0, 0.0, 0.0]
twist: 
  twist: 
    linear: 
      x: 8.023274827747408e-10
      y: -2.4089276492707275e-10
      z: 4.5544725189778334e-09
    angular: 
      x: -1.5323604153882522e-08
      y: -7.380023839519124e-10
      z: -1.2630329460462561e-07
  covariance: [0.0, 0.0, 0.0, 0.0, 0.0, 0.0, 0.0, 0.0, 0.0, 0.0, 0.0, 0.0, 0.0, 0.0, 0.0, 0.0, 0.0, 0.0, 0.0, 0.0, 0.0, 0.0, 0.0, 0.0, 0.0, 0.0, 0.0, 0.0, 0.0, 0.0, 0.0, 0.0, 0.0, 0.0, 0.0, 0.0]
---
