header: 
  seq: 27201
  stamp: 
    secs: 1789960353
    nsecs: 975701362
  frame_id: "world"
child_frame_id: "/quadrotor"
pose: 
  pose: 
    position: 
      x: 10.81493842298732
      y: 6.166851521843471
      z: 1.4912974526432836
    orientation: 
      x: -8.302588187141219e-11
      y: 4.0525566307483755e-10
      z: 0.34426112853873986
      w: 0.9388739400884621
  covariance: [0.0, 0.0, 0.0, 0.0, 0.0, 0.0, 0.0, 0.0, 0.0, 0.0, 0.0, 0.0, 0.0, 0.0, 0.0, 0.0, 0.0, 0.0, 0.0, 0.0, 0.0, 0.0, 0.0, 0.0, 0.0, 0.0, 0.0, 0.0, 0.0, 0.0, 0.0, 0.0, 0.0, 0.0, 0.0, 0.0]
twist: 
  twist: 
    linear: 
      x: 2.8349416206541456e-10
      y: -1.0666154675714708e-09
      z: 1.1096550115705078e-08
    angular: 
      x: -1.4528972746353794e-08
      y: 2.078789727673104e-09
      z: 1.143746539453769e-07
  covariance: [0.0, 0.0, 0.0, 0.0, 0.0, 0.0, 0.0, 0.0, 0.0, 0.0, 0.0, 0.0, 0.0, 0.0, 0.0, 0.0, 0.0, 0.0, 0.0, 0.0, 0.0, 0.0, 0.0, 0.0, 0.0, 0.0, 0.0, 0.0, 0.0, 0.0, 0.0, 0.0, 0.0, 0.0, 0.0, 0.0]
---
